{
 "chain_iptm": [
  0.63,
  0.63,
  0.63,
  0.63,
  0.63,
  0.44,
  0.43
 ],
 "chain_pair_iptm": [
  [
   0.76,
   0.76,
   0.65,
   0.65,
   0.76,
   0.52,
   0.45
  ],
  [
   0.76,
   0.75,
   0.76,
   0.64,
   0.65,
   0.5,
   0.45
  ],
  [
   0.65,
   0.76,
   0.76,
   0.76,
   0.66,
   0.48,
   0.48
  ],
  [
   0.65,
   0.64,
   0.76,
   0.76,
   0.76,
   0.46,
   0.5
  ],
  [
   0.76,
   0.65,
   0.66,
   0.76,
   0.76,
   0.48,
   0.48
  ],
  [
   0.52,
   0.5,
   0.48,
   0.46,
   0.48,
   0.32,
   0.21
  ],
  [
   0.45,
   0.45,
   0.48,
   0.5,
   0.48,
   0.21,
   0.32
  ]
 ],
 "chain_pair_pae_min": [
  [
   0.76,
   1.77,
   3.67,
   3.93,
   1.77,
   4.94,
   5.43
  ],
  [
   1.78,
   0.76,
   1.74,
   3.74,
   3.9,
   4.7,
   5.67
  ],
  [
   3.76,
   1.65,
   0.76,
   1.67,
   3.61,
   5.09,
   5.22
  ],
  [
   3.66,
   3.96,
   1.7,
   0.76,
   1.81,
   5.54,
   4.75
  ],
  [
   1.77,
   3.71,
   3.81,
   1.68,
   0.76,
   5.44,
   4.94
  ],
  [
   7.81,
   8.17,
   9.34,
   9.87,
   9.93,
   0.76,
   5.88
  ],
  [
   9.67,
   10.08,
   9.08,
   7.87,
   8.69,
   6.2,
   0.76
  ]
 ],
 "chain_ptm": [
  0.76,
  0.75,
  0.76,
  0.76,
  0.76,
  0.32,
  0.32
 ],
 "fraction_disordered": 0.07,
 "has_clash": 0.0,
 "iptm": 0.8,
 "num_recycles": 10.0,
 "ptm": 0.82,
 "ranking_score": 0.83
}