{
 "chain_iptm": [
  0.63,
  0.63,
  0.63,
  0.63,
  0.63,
  0.44,
  0.43
 ],
 "chain_pair_iptm": [
  [
   0.76,
   0.76,
   0.65,
   0.65,
   0.76,
   0.52,
   0.45
  ],
  [
   0.76,
   0.75,
   0.76,
   0.65,
   0.65,
   0.5,
   0.46
  ],
  [
   0.65,
   0.76,
   0.76,
   0.76,
   0.66,
   0.48,
   0.48
  ],
  [
   0.65,
   0.65,
   0.76,
   0.76,
   0.76,
   0.46,
   0.5
  ],
  [
   0.76,
   0.65,
   0.66,
   0.76,
   0.76,
   0.49,
   0.48
  ],
  [
   0.52,
   0.5,
   0.48,
   0.46,
   0.49,
   0.32,
   0.21
  ],
  [
   0.45,
   0.46,
   0.48,
   0.5,
   0.48,
   0.21,
   0.32
  ]
 ],
 "chain_pair_pae_min": [
  [
   0.76,
   1.77,
   3.67,
   3.87,
   1.72,
   4.84,
   5.34
  ],
  [
   1.75,
   0.76,
   1.72,
   3.68,
   3.85,
   4.7,
   5.54
  ],
  [
   3.77,
   1.64,
   0.76,
   1.68,
   3.64,
   4.92,
   5.1
  ],
  [
   3.67,
   3.88,
   1.64,
   0.76,
   1.78,
   5.41,
   4.7
  ],
  [
   1.75,
   3.65,
   3.81,
   1.62,
   0.76,
   5.29,
   4.87
  ],
  [
   7.68,
   8.06,
   9.24,
   9.88,
   9.81,
   0.76,
   5.92
  ],
  [
   9.47,
   10.04,
   8.8,
   8.0,
   8.46,
   6.23,
   0.76
  ]
 ],
 "chain_ptm": [
  0.76,
  0.75,
  0.76,
  0.76,
  0.76,
  0.32,
  0.32
 ],
 "fraction_disordered": 0.07,
 "has_clash": 0.0,
 "iptm": 0.8,
 "num_recycles": 10.0,
 "ptm": 0.82,
 "ranking_score": 0.84
}